100
0 131 426 84 174 41 64 145 108 195 65 182 61 177 58 3 389 187 226 408 272 388 454 429 272 190 145 337 96 197 623 90 83 2 18 62 1 900 63 204 493 314 248 83 583 159 206 187 59 559 29 382 783 353 542 986 55 15 29 642 276 54 242 407 37 74 378 588 145 34 104 774 269 242 242 290 44 968 134 273 34 139 34 461 148 16 458 204 256 148 281 362 45 84 69 13 763 25 305 1 
131 0 247 37 59 211 135 144 144 166 751 554 410 304 387 139 545 85 431 440 158 538 337 275 499 41 565 185 292 33 465 58 113 203 204 131 684 143 100 211 362 141 118 169 717 192 622 206 18 172 120 390 699 487 321 491 318 6 17 557 429 88 214 216 521 289 291 444 149 25 253 489 201 352 521 130 246 961 114 593 7 99 104 260 79 231 26 238 323 256 305 218 152 396 35 13 47 463 335 2 
426 247 0 202 360 593 284 8 561 343 255 830 68 257 112 35 163 9 585 112 556 392 258 273 694 117 277 126 164 288 171 70 90 170 239 1 542 884 406 55 467 48 18 110 342 65 169 44 43 218 114 426 736 127 197 302 337 12 16 255 489 85 626 392 249 51 458 837 120 20 103 948 728 620 68 24 169 322 39 480 28 654 109 201 134 198 396 51 5 143 1 343 231 299 219 5 455 215 92 3 
84 37 202 0 156 62 283 144 287 115 443 588 349 279 289 79 488 278 574 132 93 47 57 275 235 187 728 155 413 243 461 112 29 98 143 5 166 41 690 122 627 351 98 28 158 231 266 261 22 526 87 522 773 439 313 572 147 20 1 54 494 133 184 264 6 348 47 19 72 25 57 218 516 620 112 29 39 811 6 38 36 60 222 24 23 76 410 76 331 220 279 143 239 374 232 26 630 272 184 2 
174 59 360 156 0 255 291 117 222 117 506 123 371 71 84 334 438 284 313 266 427 123 562 326 161 73 241 76 394 249 333 46 36 222 216 174 270 592 702 44 554 26 39 197 344 235 406 393 67 282 110 512 817 467 236 481 180 20 22 154 258 93 330 363 86 109 26 236 15 28 7 245 82 138 278 116 2 374 71 143 4 421 289 24 42 133 445 9 133 109 149 111 369 348 262 38 599 47 92 4 
41 211 593 62 255 0 171 117 377 14 602 210 18 65 113 194 359 149 354 2 344 547 332 116 67 172 456 219 209 168 124 112 86 228 86 89 52 477 624 13 127 68 216 177 298 10 598 53 64 40 38 533 537 247 415 756 92 11 11 739 464 35 472 242 501 541 315 714 83 10 185 745 715 344 110 4 52 770 88 624 38 758 92 51 47 37 162 18 97 62 274 302 118 47 128 27 677 254 267 10 
64 135 284 283 291 171 0 3 732 397 625 268 247 41 297 315 156 65 559 416 295 260 716 470 828 82 612 164 313 17 495 42 68 104 154 61 715 412 47 202 539 14 107 279 317 204 599 100 50 548 35 356 407 509 188 454 180 1 2 147 363 46 134 415 525 43 35 175 111 14 288 179 630 265 792 308 167 316 18 457 44 340 258 204 197 150 425 285 124 217 262 29 430 161 41 44 134 272 69 3 
145 144 8 144 117 117 3 0 605 247 156 214 405 65 277 272 266 173 563 448 525 445 399 434 185 137 365 407 4 388 500 44 126 246 217 195 204 709 275 90 143 52 57 168 246 202 256 127 33 322 310 82 67 152 541 368 13 8 20 13 443 48 308 410 569 491 463 452 188 42 274 366 411 185 235 155 207 863 60 601 30 809 318 382 250 186 431 329 306 203 165 298 97 454 122 14 428 182 227 10 
108 144 561 287 222 377 732 605 0 406 788 147 135 248 347 310 289 313 184 429 236 448 266 114 736 173 625 163 74 344 505 37 64 177 79 94 398 5 632 158 368 69 243 42 290 184 206 25 58 14 80 190 522 494 52 480 245 13 24 512 58 61 250 163 505 382 179 226 142 36 275 497 620 53 743 129 217 431 147 108 11 459 111 436 77 132 443 330 1 64 155 213 109 284 110 8 348 42 336 3 
195 166 343 115 117 14 397 247 406 0 743 871 223 188 403 143 291 328 264 412 48 77 744 470 157 118 800 272 224 226 535 17 104 99 2 201 87 503 210 123 15 132 140 20 767 287 224 118 3 69 262 56 754 362 521 330 154 10 25 491 495 70 532 366 548 416 56 637 67 38 246 847 669 585 430 212 137 900 2 307 42 132 287 18 76 17 315 316 81 28 286 241 73 230 42 44 158 270 177 3 
65 751 255 443 506 602 625 156 788 743 0 935 73 223 220 339 360 189 2 257 348 430 558 146 8 156 302 390 477 315 567 43 121 102 14 151 651 523 1 164 321 11 46 14 525 213 749 392 74 91 199 55 841 340 250 431 245 10 27 342 210 138 229 412 439 116 424 928 143 37 126 910 21 489 510 146 103 362 86 258 34 905 104 47 67 130 368 266 323 151 68 319 97 208 188 25 568 233 12 4 
182 554 830 588 123 210 268 214 147 871 935 0 182 307 198 92 13 25 44 210 164 595 520 110 488 112 847 326 298 62 452 105 81 209 7 195 727 657 192 28 74 305 170 257 377 308 271 1 38 137 76 334 324 39 442 535 339 3 24 700 497 114 676 225 476 302 207 228 84 40 120 967 377 224 17 155 190 88 7 524 20 301 97 40 128 104 368 350 165 143 173 250 300 343 231 38 126 13 130 5 
61 410 68 349 371 18 247 405 135 223 73 182 0 148 374 91 455 287 73 1 218 38 292 536 848 174 225 102 307 12 194 67 36 14 40 86 117 174 107 34 179 349 266 66 395 119 558 305 40 493 28 79 284 497 131 575 345 14 11 82 335 92 248 265 371 170 194 399 25 46 236 227 737 343 638 21 74 698 87 280 22 267 282 50 193 176 35 103 224 132 194 42 121 355 67 21 128 379 312 8 
177 304 257 279 71 65 41 65 248 188 223 307 148 0 315 233 354 171 94 61 483 303 249 337 441 135 398 175 269 154 710 87 83 140 187 111 39 217 131 167 648 17 217 233 447 212 550 211 6 472 94 554 427 313 211 501 210 15 7 132 145 170 843 113 342 415 124 748 202 5 301 226 533 429 55 254 150 977 119 459 1 714 171 398 96 183 225 189 259 163 15 304 89 17 238 3 593 85 62 8 
58 387 112 289 84 113 297 277 347 403 220 198 374 315 0 119 526 62 30 37 418 436 329 75 381 88 360 252 236 135 627 4 57 208 10 44 402 264 242 41 60 333 239 102 737 284 223 168 70 264 314 182 140 517 316 37 128 16 20 54 445 69 433 315 490 263 132 136 124 27 115 290 594 230 570 79 90 792 134 266 14 228 191 96 225 68 42 278 218 107 81 114 185 81 83 28 421 140 174 6 
3 139 35 79 334 194 315 272 310 143 339 92 91 233 119 0 367 278 297 392 317 676 150 382 110 79 242 138 167 77 343 18 115 43 197 103 279 402 178 71 426 374 227 280 259 113 416 383 45 510 103 555 213 142 365 92 194 8 4 226 97 13 278 66 200 643 16 456 87 19 205 464 651 331 295 209 203 224 70 400 33 29 223 133 99 81 397 19 39 103 84 12 173 262 110 30 828 300 81 10 
389 545 163 488 438 359 156 266 289 291 360 13 455 354 526 367 0 285 316 489 169 693 293 320 523 17 426 193 349 13 118 31 78 37 54 7 783 757 692 9 13 338 236 79 248 146 489 264 3 29 211 50 306 350 418 990 128 15 6 300 328 25 154 323 230 523 269 16 148 11 151 69 489 469 355 84 27 574 67 441 8 105 98 4 189 151 364 102 302 224 76 42 414 328 53 48 87 157 156 1 
187 85 9 278 284 149 65 173 313 328 189 25 287 171 62 278 285 0 267 65 266 138 435 19 879 177 66 227 194 302 646 39 127 51 108 44 25 721 374 23 536 105 34 141 303 200 196 149 80 311 191 229 646 2 558 543 24 10 28 475 44 67 425 162 610 404 60 761 143 34 128 594 779 499 557 303 152 15 116 169 30 27 8 433 58 168 342 191 74 21 33 245 420 59 178 42 717 369 60 10 
226 431 585 574 313 354 559 563 184 264 2 44 73 94 30 297 316 267 0 509 8 178 594 291 285 137 171 137 267 323 617 55 58 122 121 120 243 646 738 80 183 252 256 22 356 59 617 384 28 516 50 397 591 306 256 719 322 14 2 78 43 80 147 136 652 726 432 931 106 42 19 217 630 169 192 210 126 685 16 84 28 81 180 134 110 156 391 390 231 3 255 188 456 123 231 41 447 294 116 10 
408 440 112 132 266 2 416 448 429 412 257 210 1 61 37 392 489 65 509 0 440 582 655 112 348 151 326 394 471 331 380 70 51 200 90 204 669 629 547 67 334 245 128 167 105 19 812 276 9 168 160 67 489 402 17 409 221 8 22 593 195 122 572 314 396 607 115 49 134 50 112 777 34 609 725 257 28 459 68 98 25 555 165 199 115 221 426 169 43 134 204 157 410 13 152 35 184 417 271 8 
272 158 556 93 427 344 295 525 236 48 348 164 218 483 418 317 169 266 8 440 0 3 519 288 621 75 329 158 314 246 475 94 1 18 235 3 674 870 211 79 191 285 186 205 366 231 357 150 45 318 313 387 480 247 287 789 133 10 21 70 497 145 343 387 154 594 188 167 123 19 310 249 303 234 424 93 42 462 59 463 36 636 262 156 67 71 294 90 24 138 202 144 247 238 83 11 689 515 120 10 
388 538 392 47 123 547 260 445 448 77 430 595 38 303 436 676 693 138 178 582 3 0 504 272 751 27 213 312 512 95 500 87 26 138 166 42 211 724 456 109 627 208 44 255 259 6 354 56 56 244 43 535 763 143 242 959 249 6 14 533 148 26 26 322 626 325 327 314 85 14 151 85 250 548 815 232 202 543 133 424 48 438 182 46 203 205 73 82 81 228 60 203 163 67 127 21 517 225 232 6 
454 337 258 57 562 332 716 399 266 744 558 520 292 249 329 150 293 435 594 655 519 504 0 143 675 103 735 99 373 94 647 28 52 16 121 208 572 760 517 25 396 297 248 3 29 69 597 249 57 453 296 145 46 528 326 798 52 8 29 259 438 74 476 279 497 75 24 800 60 6 138 427 165 399 391 144 230 83 110 409 14 931 209 269 4 226 478 196 246 261 85 289 41 165 114 28 389 316 181 8 
429 275 273 275 326 116 470 434 114 470 146 110 536 337 75 382 320 19 291 112 288 272 143 0 318 75 303 89 137 64 572 103 53 41 6 13 560 621 434 68 442 68 120 277 371 202 162 84 11 334 213 92 416 169 250 954 103 17 26 353 541 66 509 118 122 567 53 644 46 29 125 948 323 104 344 66 232 73 133 344 9 323 232 37 37 2 5 221 224 142 244 145 396 89 91 41 671 414 40 1 
272 499 694 235 161 67 828 185 736 157 8 488 848 441 381 110 523 879 285 348 621 751 675 318 0 61 305 98 347 332 137 42 24 206 139 12 343 456 697 4 365 213 169 184 499 33 657 317 17 215 160 431 382 246 345 495 128 11 30 774 270 65 620 313 88 127 242 406 156 47 242 56 566 251 215 271 20 82 103 225 5 787 207 81 79 173 430 38 83 230 150 158 205 439 176 38 786 109 287 6 
190 41 117 187 73 172 82 137 173 118 156 112 174 135 88 79 17 177 137 151 75 27 103 75 61 0 668 221 30 178 129 56 60 215 88 196 43 81 242 35 315 57 206 289 210 89 553 338 56 433 362 218 5 22 126 14 103 1 29 657 427 28 201 245 138 664 62 896 13 47 4 911 87 388 726 187 66 678 17 483 16 861 7 277 31 232 415 146 300 262 14 293 326 253 102 11 423 382 131 2 
145 565 277 728 241 456 612 365 625 800 302 847 225 398 360 242 426 66 171 326 329 213 735 303 305 668 0 194 192 99 434 106 120 165 10 104 547 240 60 39 598 158 33 67 287 294 602 418 62 141 155 6 617 548 510 556 330 19 30 537 64 125 805 313 111 597 329 638 130 38 106 473 830 69 478 112 275 210 78 45 8 869 138 225 33 71 362 178 187 53 212 78 184 135 219 16 517 314 1 5 
337 185 126 155 76 219 164 407 163 272 390 326 102 175 252 138 193 227 137 394 158 312 99 89 98 221 194 0 483 248 269 14 95 6 174 77 20 173 394 4 658 226 214 191 672 282 391 23 58 360 190 171 615 522 434 579 45 17 1 329 133 51 116 134 117 82 462 871 38 22 207 892 317 564 818 257 131 10 160 487 48 236 251 472 146 178 183 65 218 58 4 242 126 23 70 32 571 132 190 4 
96 292 164 413 394 209 313 4 74 224 477 298 307 269 236 167 349 194 267 471 314 512 373 137 347 30 192 483 0 133 382 72 21 218 134 117 634 294 427 7 139 101 8 218 398 118 112 367 15 101 157 437 214 434 470 24 58 19 13 492 246 84 250 414 344 241 197 632 190 9 186 142 327 152 529 89 121 307 157 92 1 89 316 96 219 197 237 98 277 151 4 352 418 113 11 6 650 465 243 4 
197 33 288 243 249 168 17 388 344 226 315 62 12 154 135 77 13 302 323 331 246 95 94 64 332 178 99 248 133 0 387 3 123 71 156 97 760 640 464 48 481 110 85 192 50 75 792 22 76 175 211 450 740 85 4 140 360 10 13 172 42 28 719 350 135 296 457 838 133 8 225 201 236 259 324 296 206 563 138 576 43 492 259 380 251 32 441 102 246 175 304 102 407 47 249 5 242 403 141 6 
623 465 171 461 333 124 495 500 505 535 567 452 194 710 627 343 118 646 617 380 475 500 647 572 137 129 434 269 382 387 0 22 57 194 108 155 202 758 12 20 467 387 166 170 342 308 668 109 59 392 278 495 514 528 500 727 274 9 16 112 507 3 503 342 424 249 30 819 189 32 124 43 53 321 763 107 138 693 123 528 46 385 197 398 244 52 286 40 263 65 60 218 262 46 37 2 560 243 296 9 
90 58 70 112 46 112 42 44 37 17 43 105 67 87 4 18 31 39 55 70 94 87 28 103 42 56 106 14 72 3 22 0 19 219 235 179 634 602 777 210 630 4 255 11 200 276 316 113 74 291 315 410 355 404 22 367 112 13 21 608 521 27 491 399 380 575 264 604 199 10 290 267 58 394 239 58 164 638 26 364 35 227 142 246 107 211 184 300 312 123 84 103 163 196 80 18 849 139 177 8 
83 113 90 29 36 86 68 126 64 104 121 81 36 83 57 115 78 127 58 51 1 26 52 53 24 60 120 95 21 123 57 19 0 105 120 91 141 783 562 38 162 250 202 173 767 266 46 383 41 346 91 431 448 189 324 979 84 15 10 204 470 116 52 293 656 584 267 666 145 32 168 689 435 203 23 218 270 542 92 97 49 937 155 328 69 107 136 339 8 255 97 320 98 442 109 17 288 326 106 1 
2 203 170 98 222 228 104 246 177 99 102 209 14 140 208 43 37 51 122 200 18 138 16 41 206 215 165 6 218 71 194 219 105 0 106 156 743 730 417 74 253 24 2 279 178 62 298 151 50 240 21 511 608 64 307 39 18 8 1 366 56 148 558 312 12 299 176 705 172 19 25 990 242 532 10 131 125 379 2 357 23 48 98 287 118 9 171 231 267 32 170 190 33 27 256 24 143 457 148 2 
18 204 239 143 216 86 154 217 79 2 14 7 40 187 10 197 54 108 121 90 235 166 121 6 139 88 10 174 134 156 108 235 120 106 0 47 288 52 646 189 135 89 172 38 357 196 44 88 43 246 31 301 136 252 335 937 259 20 22 137 75 160 673 391 618 442 310 622 60 34 145 484 35 605 638 199 22 813 31 631 20 634 44 438 129 47 263 116 302 72 52 244 401 80 41 11 607 410 120 10 
62 131 1 5 174 89 61 195 94 201 151 195 86 111 44 103 7 44 120 204 3 42 208 13 12 196 104 77 117 97 155 179 91 156 47 0 410 464 731 81 275 275 60 182 605 190 451 49 28 258 200 534 275 65 170 468 30 1 2 357 157 98 382 383 313 213 461 901 159 10 284 286 808 339 301 13 272 281 2 468 2 368 124 40 202 240 70 88 260 93 44 60 169 299 100 21 322 22 196 5 
1 684 542 166 270 52 715 204 398 87 651 727 117 39 402 279 783 25 243 669 674 211 572 560 343 43 547 20 634 760 202 634 141 743 288 410 0 296 508 86 619 91 36 268 475 181 357 359 34 479 188 5 154 310 121 793 236 18 12 294 520 72 149 133 84 359 11 468 44 29 9 86 126 467 407 247 176 168 89 330 11 163 302 337 164 130 2 389 24 93 133 251 150 245 113 1 255 361 44 1 
900 143 884 41 592 477 412 709 5 503 523 657 174 217 264 402 757 721 646 629 870 724 760 621 456 81 240 173 294 640 758 602 783 730 52 464 296 0 160 27 232 103 96 26 673 199 103 341 12 423 195 248 891 378 522 399 205 1 4 282 437 95 236 385 481 484 343 180 34 16 123 663 664 239 609 299 7 147 49 16 31 973 93 161 157 197 177 400 206 113 3 272 72 413 177 5 176 141 189 3 
63 100 406 690 702 624 47 275 632 210 1 192 107 131 242 178 692 374 738 547 211 456 517 434 697 242 60 394 427 464 12 777 562 417 646 731 508 160 0 28 656 61 215 59 70 81 168 175 61 210 269 615 689 424 111 193 42 8 2 369 230 35 118 371 220 703 132 737 210 19 247 651 388 115 4 280 16 507 61 419 49 534 234 421 23 30 500 16 5 120 209 357 265 434 221 2 185 393 183 8 
204 211 55 122 44 13 202 90 158 123 164 28 34 167 41 71 9 23 80 67 79 109 25 68 4 35 39 4 7 48 20 210 38 74 189 81 86 27 28 0 544 304 278 19 764 54 24 383 40 492 268 195 676 212 171 283 120 18 16 279 207 132 707 295 161 740 189 693 186 32 283 934 207 519 330 168 211 597 75 17 21 621 92 461 241 106 113 318 143 157 86 224 420 38 222 8 603 402 139 7 
493 362 467 627 554 127 539 143 368 15 321 74 179 648 60 426 13 536 183 334 191 627 396 442 365 315 598 658 139 481 467 630 162 253 135 275 619 232 656 544 0 378 235 148 154 175 326 19 42 491 87 303 12 357 442 87 359 17 9 248 561 164 197 58 600 419 399 200 174 3 58 861 501 192 506 190 242 411 106 322 41 462 173 347 232 213 161 57 286 141 87 272 144 324 43 16 334 60 126 5 
314 141 48 351 26 68 14 52 69 132 11 305 349 17 333 374 338 105 252 245 285 208 297 68 213 57 158 226 101 110 387 4 250 24 89 275 91 103 61 304 378 0 261 174 594 92 87 281 3 300 98 260 538 173 359 971 53 18 28 185 439 3 346 363 231 77 75 97 6 6 171 912 701 603 512 105 216 869 43 255 33 448 129 156 89 159 27 281 328 96 276 65 361 151 233 45 752 85 194 2 
248 118 18 98 39 216 107 57 243 140 46 170 266 217 239 227 236 34 256 128 186 44 248 120 169 206 33 214 8 85 166 255 202 2 172 60 36 96 215 278 235 261 0 88 635 161 294 384 25 259 343 527 357 251 224 175 225 1 20 454 334 75 502 247 636 301 395 304 133 39 200 900 583 334 634 3 121 49 138 118 8 921 301 21 200 54 480 268 87 125 58 103 421 62 8 14 163 414 269 1 
83 169 110 28 197 177 279 168 42 20 14 257 66 233 102 280 79 141 22 167 205 255 3 277 184 289 67 191 218 192 170 11 173 279 38 182 268 26 59 19 148 174 88 0 548 93 54 323 1 44 244 602 644 262 183 660 342 17 20 329 527 85 443 51 310 109 112 597 197 16 93 439 407 126 324 3 133 474 32 179 13 86 134 396 256 233 195 159 288 97 280 314 426 189 109 37 460 438 197 6 
583 717 342 158 344 298 317 246 290 767 525 377 395 447 737 259 248 303 356 105 366 259 29 371 499 210 287 672 398 50 342 200 767 178 357 605 475 673 70 764 154 594 635 548 0 303 98 51 8 202 191 183 964 103 569 481 263 13 5 316 214 2 308 203 145 491 367 844 208 28 161 489 403 401 566 151 86 864 2 291 1 171 300 73 16 186 251 210 246 258 89 368 449 340 26 47 474 170 15 3 
159 192 65 231 235 10 204 202 184 287 213 308 119 212 284 113 146 200 59 19 231 6 69 202 33 89 294 282 118 75 308 276 266 62 196 190 181 199 81 54 175 92 161 93 303 0 808 266 14 523 287 300 495 385 539 210 118 3 10 792 207 144 364 290 37 83 215 774 46 33 5 189 638 155 671 80 28 205 8 383 21 506 284 117 164 121 191 286 305 56 139 216 146 315 185 41 583 203 72 7 
206 622 169 266 406 598 599 256 206 224 749 271 558 550 223 416 489 196 617 812 357 354 597 162 657 553 602 391 112 792 668 316 46 298 44 451 357 103 168 24 326 87 294 54 98 808 0 421 74 553 346 527 856 21 548 750 303 12 4 555 53 157 150 116 509 10 297 437 148 34 297 902 519 456 87 211 56 696 158 156 13 113 149 217 186 74 261 178 327 24 53 84 299 132 43 34 723 197 278 5 
187 206 44 261 393 53 100 127 25 118 392 1 305 211 168 383 264 149 384 276 150 56 249 84 317 338 418 23 367 22 109 113 383 151 88 49 359 341 175 383 19 281 384 323 51 266 421 0 10 430 161 454 280 451 597 481 157 15 20 90 171 27 462 105 373 534 155 243 145 39 111 909 60 461 388 28 210 456 124 311 26 623 190 245 204 97 105 311 327 36 165 40 104 177 79 45 561 515 170 4 
59 18 43 22 67 64 50 33 58 3 74 38 40 6 70 45 3 80 28 9 45 56 57 11 17 56 62 58 15 76 59 74 41 50 43 28 34 12 61 40 42 3 25 1 8 14 74 10 0 262 238 527 150 4 108 111 268 13 18 457 250 100 788 179 645 7 274 584 189 16 132 134 586 245 408 176 179 219 20 130 1 882 291 238 52 48 22 76 158 77 171 90 266 373 188 33 429 31 131 10 
559 172 218 526 282 40 548 322 14 69 91 137 493 472 264 510 29 311 516 168 318 244 453 334 215 433 141 360 101 175 392 291 346 240 246 258 479 423 210 492 491 300 259 44 202 523 553 430 262 0 156 514 804 533 202 827 264 5 5 107 95 66 296 399 72 256 249 418 117 43 114 119 610 215 277 101 280 745 70 239 40 541 8 351 127 73 140 308 216 26 106 32 294 254 4 24 299 490 22 5 
29 120 114 87 110 38 35 310 80 262 199 76 28 94 314 103 211 191 50 160 313 43 296 213 160 362 155 190 157 211 278 315 91 21 31 200 188 195 269 268 87 98 343 244 191 287 346 161 238 156 0 520 125 262 13 247 144 9 22 682 366 39 462 146 109 660 438 626 68 6 222 37 93 439 292 284 56 279 31 407 50 536 33 443 58 77 20 220 29 170 167 326 53 361 55 47 743 391 201 1 
382 390 426 522 512 533 356 82 190 56 55 334 79 554 182 555 50 229 397 67 387 535 145 92 431 218 6 171 437 450 495 410 431 511 301 534 5 248 615 195 303 260 527 602 183 300 527 454 527 514 520 0 977 249 394 898 40 9 19 525 377 134 250 293 370 600 150 749 175 35 240 383 350 479 300 61 221 45 78 593 4 875 233 393 210 203 315 306 181 39 62 364 214 293 269 44 247 195 11 9 
783 699 736 773 817 537 407 67 522 754 841 324 284 427 140 213 306 646 591 489 480 763 46 416 382 5 617 615 214 740 514 355 448 608 136 275 154 891 689 676 12 538 357 644 964 495 856 280 150 804 125 977 0 84 54 794 278 11 19 638 242 151 631 28 37 580 264 114 65 7 265 555 322 133 559 124 201 652 99 242 5 978 189 396 161 38 392 130 76 79 166 365 159 320 131 13 815 364 14 4 
353 487 127 439 467 247 509 152 494 362 340 39 497 313 517 142 350 2 306 402 247 143 528 169 246 22 548 522 434 85 528 404 189 64 252 65 310 378 424 212 357 173 251 262 103 385 21 451 4 533 262 249 84 0 549 55 195 4 21 130 232 112 366 5 177 254 151 475 201 29 48 815 548 207 151 107 104 361 140 394 32 824 34 400 153 63 166 16 54 160 252 4 94 35 263 42 261 356 142 2 
542 321 197 313 236 415 188 541 52 521 250 442 131 211 316 365 418 558 256 17 287 242 326 250 345 126 510 434 470 4 500 22 324 307 335 170 121 522 111 171 442 359 224 183 569 539 548 597 108 202 13 394 54 549 0 219 269 6 15 67 548 30 758 411 63 426 202 776 10 31 55 682 672 581 643 126 270 117 50 515 12 206 144 430 246 49 498 126 183 181 105 269 149 380 90 2 353 67 50 3 
986 491 302 572 481 756 454 368 480 330 431 535 575 501 37 92 990 543 719 409 789 959 798 954 495 14 556 579 24 140 727 367 979 39 937 468 793 399 193 283 87 971 175 660 481 210 750 481 111 827 247 898 794 55 219 0 45 8 30 602 511 46 370 341 356 227 194 854 11 4 305 962 348 605 773 187 39 733 40 44 27 131 188 475 239 55 312 167 159 38 115 282 65 269 131 1 166 123 301 9 
55 318 337 147 180 92 180 13 245 154 245 339 345 210 128 194 128 24 322 221 133 249 52 103 128 103 330 45 58 360 274 112 84 18 259 30 236 205 42 120 359 53 225 342 263 118 303 157 268 264 144 40 278 195 269 45 0 4 20 261 289 29 565 396 314 177 212 754 3 26 160 725 96 186 55 294 268 402 53 226 47 693 153 196 184 138 70 302 132 151 64 296 419 460 94 21 120 198 272 4 
15 6 12 20 20 11 1 8 13 10 10 3 14 15 16 8 15 10 14 8 10 6 8 17 11 1 19 17 19 10 9 13 15 8 20 1 18 1 8 18 17 18 1 17 13 3 12 15 13 5 9 9 11 4 6 8 4 0 25 78 41 44 111 31 406 282 218 797 4 18 269 155 671 241 588 30 83 326 24 559 36 433 74 174 110 204 349 304 30 58 5 346 34 25 133 35 306 380 180 8 
29 17 16 1 22 11 2 20 24 25 27 24 11 7 20 4 6 28 2 22 21 14 29 26 30 29 30 1 13 13 16 21 10 1 22 2 12 4 2 16 9 28 20 20 5 10 4 20 18 5 22 19 19 21 15 30 20 25 0 120 274 156 794 54 45 568 345 158 122 42 201 205 664 130 238 124 169 741 40 530 41 367 118 155 216 232 163 372 36 96 226 283 190 463 26 32 737 444 250 6 
642 557 255 54 154 739 147 13 512 491 342 700 82 132 54 226 300 475 78 593 70 533 259 353 774 657 537 329 492 172 112 608 204 366 137 357 294 282 369 279 248 185 454 329 316 792 555 90 457 107 682 525 638 130 67 602 261 78 120 0 165 112 244 389 230 678 408 435 57 34 145 219 422 337 52 175 109 73 106 318 48 139 261 461 143 179 486 399 189 126 67 37 78 82 199 26 770 122 144 2 
276 429 489 494 258 464 363 443 58 495 210 497 335 145 445 97 328 44 43 195 497 148 438 541 270 427 64 133 246 42 507 521 470 56 75 157 520 437 230 207 561 439 334 527 214 207 53 171 250 95 366 377 242 232 548 511 289 41 274 165 0 71 829 379 540 576 194 684 136 43 184 707 368 91 91 118 107 252 58 64 29 923 125 241 192 236 458 5 275 57 107 77 440 243 207 7 547 242 321 7 
54 88 85 133 93 35 46 48 61 70 138 114 92 170 69 13 25 67 80 122 145 26 74 66 65 28 125 51 84 28 3 27 116 148 160 98 72 95 35 132 164 3 75 85 2 144 157 27 100 66 39 134 151 112 30 46 29 44 156 112 71 0 416 123 468 76 62 26 101 41 123 247 716 450 181 231 125 453 59 407 36 750 107 241 200 127 448 152 298 255 286 260 451 190 63 1 731 146 306 4 
242 214 626 184 330 472 134 308 250 532 229 676 248 843 433 278 154 425 147 572 343 26 476 509 620 201 805 116 250 719 503 491 52 558 673 382 149 236 118 707 197 346 502 443 308 364 150 462 788 296 462 250 631 366 758 370 565 111 794 244 829 416 0 96 609 511 191 87 45 44 124 485 771 322 579 25 91 711 131 260 50 713 83 395 80 150 159 40 160 74 259 139 241 277 9 12 183 260 80 9 
407 216 392 264 363 242 415 410 163 366 412 225 265 113 315 66 323 162 136 314 387 322 279 118 313 245 313 134 414 350 342 399 293 312 391 383 133 385 371 295 58 363 247 51 203 290 116 105 179 399 146 293 28 5 411 341 396 31 54 389 379 123 96 0 107 680 150 734 144 25 150 396 265 293 401 15 97 794 149 160 28 870 279 258 260 102 84 84 61 42 204 26 77 367 45 23 270 218 186 8 
37 521 249 6 86 501 525 569 505 548 439 476 371 342 490 200 230 610 652 396 154 626 497 122 88 138 111 117 344 135 424 380 656 12 618 313 84 481 220 161 600 231 636 310 145 37 509 373 645 72 109 370 37 177 63 356 314 406 45 230 540 468 609 107 0 635 237 731 136 27 148 588 420 573 479 153 249 196 60 342 26 155 205 216 149 220 288 124 4 16 145 210 184 216 143 25 309 62 83 6 
74 289 51 348 109 541 43 491 382 416 116 302 170 415 263 643 523 404 726 607 594 325 75 567 127 664 597 82 241 296 249 575 584 299 442 213 359 484 703 740 419 77 301 109 491 83 10 534 7 256 660 600 580 254 426 227 177 282 568 678 576 76 511 680 635 0 20 92 178 45 68 969 804 295 396 224 112 542 58 468 38 704 126 352 40 40 90 155 242 240 310 143 181 39 144 23 225 319 200 9 
378 291 458 47 26 315 35 463 179 56 424 207 194 124 132 16 269 60 432 115 188 327 24 53 242 62 329 462 197 457 30 264 267 176 310 461 11 343 132 189 399 75 395 112 367 215 297 155 274 249 438 150 264 151 202 194 212 218 345 408 194 62 191 150 237 20 0 68 92 2 123 33 242 223 170 27 88 439 47 207 47 246 195 297 33 186 152 312 320 229 247 215 246 347 144 12 592 239 141 6 
588 444 837 19 236 714 175 452 226 637 928 228 399 748 136 456 16 761 931 49 167 314 800 644 406 896 638 871 632 838 819 604 666 705 622 901 468 180 737 693 200 97 304 597 844 774 437 243 584 418 626 749 114 475 776 854 754 797 158 435 684 26 87 734 731 92 68 0 180 23 265 673 6 409 64 80 244 363 45 250 4 317 186 242 53 110 289 112 27 204 77 90 334 460 80 44 870 422 257 10 
145 149 120 72 15 83 111 188 142 67 143 84 25 202 124 87 148 143 106 134 123 85 60 46 156 13 130 38 190 133 189 199 145 172 60 159 44 34 210 186 174 6 133 197 208 46 148 145 189 117 68 175 65 201 10 11 3 4 122 57 136 101 45 144 136 178 92 180 0 10 190 983 637 533 472 202 216 54 106 483 36 44 11 201 28 81 446 296 107 82 111 175 414 450 145 45 706 109 149 5 
34 25 20 25 28 10 14 42 36 38 37 40 46 5 27 19 11 34 42 50 19 14 6 29 47 47 38 22 9 8 32 10 32 19 34 10 29 16 19 32 3 6 39 16 28 33 34 39 16 43 6 35 7 29 31 4 26 18 42 34 43 41 44 25 27 45 2 23 10 0 169 35 630 337 173 99 202 944 4 624 46 137 108 406 55 215 322 327 325 79 254 332 211 291 189 31 212 281 323 3 
104 253 103 57 7 185 288 274 275 246 126 120 236 301 115 205 151 128 19 112 310 151 138 125 242 4 106 207 186 225 124 290 168 25 145 284 9 123 247 283 58 171 200 93 161 5 297 111 132 114 222 240 265 48 55 305 160 269 201 145 184 123 124 150 148 68 123 265 190 169 0 606 212 520 682 40 174 324 16 266 42 937 70 223 124 215 401 170 289 185 163 313 293 179 127 1 602 473 25 7 
774 489 948 218 245 745 179 366 497 847 910 967 227 226 290 464 69 594 217 777 249 85 427 948 56 911 473 892 142 201 43 267 689 990 484 286 86 663 651 934 861 912 900 439 489 189 902 909 134 119 37 383 555 815 682 962 725 155 205 219 707 247 485 396 588 969 33 673 983 35 606 0 599 316 446 184 177 464 108 383 26 504 183 235 91 138 96 352 171 47 307 76 97 456 187 27 168 168 274 9 
269 201 728 516 82 715 630 411 620 669 21 377 737 533 594 651 489 779 630 34 303 250 165 323 566 87 830 317 327 236 53 58 435 242 35 808 126 664 388 207 501 701 583 407 403 638 519 60 586 610 93 350 322 548 672 348 96 671 664 422 368 716 771 265 420 804 242 6 637 630 212 599 0 309 684 203 137 832 46 457 46 584 236 81 235 218 348 348 312 174 18 27 111 123 247 25 93 365 277 8 
242 352 620 620 138 344 265 185 53 585 489 224 343 429 230 331 469 499 169 609 234 548 399 104 251 388 69 564 152 259 321 394 203 532 605 339 467 239 115 519 192 603 334 126 401 155 456 461 245 215 439 479 133 207 581 605 186 241 130 337 91 450 322 293 573 295 223 409 533 337 520 316 309 0 784 42 113 371 50 383 49 225 163 412 63 113 40 178 35 135 220 176 253 241 134 32 201 536 293 1 
242 521 68 112 278 110 792 235 743 430 510 17 638 55 570 295 355 557 192 725 424 815 391 344 215 726 478 818 529 324 763 239 23 10 638 301 407 609 4 330 506 512 634 324 566 671 87 388 408 277 292 300 559 151 643 773 55 588 238 52 91 181 579 401 479 396 170 64 472 173 682 446 684 784 0 187 30 936 140 140 6 589 109 151 87 131 469 110 119 143 276 149 224 326 25 13 64 66 100 8 
290 130 24 29 116 4 308 155 129 212 146 155 21 254 79 209 84 303 210 257 93 232 144 66 271 187 112 257 89 296 107 58 218 131 199 13 247 299 280 168 190 105 3 3 151 80 211 28 176 101 284 61 124 107 126 187 294 30 124 175 118 231 25 15 153 224 27 80 202 99 40 184 203 42 187 0 41 79 104 97 47 111 8 323 81 8 268 158 337 161 215 154 261 145 97 22 2 184 51 1 
44 246 169 39 2 52 167 207 217 137 103 190 74 150 90 203 27 152 126 28 42 202 230 232 20 66 275 131 121 206 138 164 270 125 22 272 176 7 16 211 242 216 121 133 86 28 56 210 179 280 56 221 201 104 270 39 268 83 169 109 107 125 91 97 249 112 88 244 216 202 174 177 137 113 30 41 0 920 57 344 20 90 127 216 57 234 229 204 119 190 49 21 100 65 48 41 783 198 124 8 
968 961 322 811 374 770 316 863 431 900 362 88 698 977 792 224 574 15 685 459 462 543 83 73 82 678 210 10 307 563 693 638 542 379 813 281 168 147 507 597 411 869 49 474 864 205 696 456 219 745 279 45 652 361 117 733 402 326 741 73 252 453 711 794 196 542 439 363 54 944 324 464 832 371 936 79 920 0 34 295 18 60 257 56 103 48 219 287 224 166 127 363 62 457 68 14 221 452 137 7 
134 114 39 6 71 88 18 60 147 2 86 7 87 119 134 70 67 116 16 68 59 133 110 133 103 17 78 160 157 138 123 26 92 2 31 2 89 49 61 75 106 43 138 32 2 8 158 124 20 70 31 78 99 140 50 40 53 24 40 106 58 59 131 149 60 58 47 45 106 4 16 108 46 50 140 104 57 34 0 406 40 93 197 87 24 104 371 208 323 197 178 324 364 3 270 34 562 158 351 4 
273 593 480 38 143 624 457 601 108 307 258 524 280 459 266 400 441 169 84 98 463 424 409 344 225 483 45 487 92 576 528 364 97 357 631 468 330 16 419 17 322 255 118 179 291 383 156 311 130 239 407 593 242 394 515 44 226 559 530 318 64 407 260 160 342 468 207 250 483 624 266 383 457 383 140 97 344 295 406 0 38 970 97 454 109 126 430 280 276 91 18 241 68 119 235 41 646 228 15 7 
34 7 28 36 4 38 44 30 11 42 34 20 22 1 14 33 8 30 28 25 36 48 14 9 5 16 8 48 1 43 46 35 49 23 20 2 11 31 49 21 41 33 8 13 1 21 13 26 1 40 50 4 5 32 12 27 47 36 41 48 29 36 50 28 26 38 47 4 36 46 42 26 46 49 6 47 20 18 40 38 0 599 264 95 230 205 358 194 100 17 233 154 57 221 167 38 825 51 288 1 
139 99 654 60 421 758 340 809 459 132 905 301 267 714 228 29 105 27 81 555 636 438 931 323 787 861 869 236 89 492 385 227 937 48 634 368 163 973 534 621 462 448 921 86 171 506 113 623 882 541 536 875 978 824 206 131 693 433 367 139 923 750 713 870 155 704 246 317 44 137 937 504 584 225 589 111 90 60 93 970 599 0 230 218 174 25 60 28 131 190 35 39 118 363 55 49 740 198 181 8 
34 104 109 222 289 92 258 318 111 287 104 97 282 171 191 223 98 8 180 165 262 182 209 232 207 7 138 251 316 259 197 142 155 98 44 124 302 93 234 92 173 129 301 134 300 284 149 190 291 8 33 233 189 34 144 188 153 74 118 261 125 107 83 279 205 126 195 186 11 108 70 183 236 163 109 8 127 257 197 97 264 230 0 55 58 173 413 185 236 225 189 365 281 411 59 2 328 422 155 9 
461 260 201 24 24 51 204 382 436 18 47 40 50 398 96 133 4 433 134 199 156 46 269 37 81 277 225 472 96 380 398 246 328 287 438 40 337 161 421 461 347 156 21 396 73 117 217 245 238 351 443 393 396 400 430 475 196 174 155 461 241 241 395 258 216 352 297 242 201 406 223 235 81 412 151 323 216 56 87 454 95 218 55 0 130 3 419 323 175 96 197 148 214 223 122 50 770 64 302 8 
148 79 134 23 42 47 197 250 77 76 67 128 193 96 225 99 189 58 110 115 67 203 4 37 79 31 33 146 219 251 244 107 69 118 129 202 164 157 23 241 232 89 200 256 16 164 186 204 52 127 58 210 161 153 246 239 184 110 216 143 192 200 80 260 149 40 33 53 28 55 124 91 235 63 87 81 57 103 24 109 230 174 58 130 0 171 404 184 304 175 286 43 211 79 47 41 437 14 322 4 
16 231 198 76 133 37 150 186 132 17 130 104 176 183 68 81 151 168 156 221 71 205 226 2 173 232 71 178 197 32 52 211 107 9 47 240 130 197 30 106 213 159 54 233 186 121 74 97 48 73 77 203 38 63 49 55 138 204 232 179 236 127 150 102 220 40 186 110 81 215 215 138 218 113 131 8 234 48 104 126 205 25 173 3 171 0 400 51 78 229 92 262 132 473 243 4 116 489 334 5 
458 26 396 410 445 162 425 431 443 315 368 368 35 225 42 397 364 342 391 426 294 73 478 5 430 415 362 183 237 441 286 184 136 171 263 70 2 177 500 113 161 27 480 195 251 191 261 105 22 140 20 315 392 166 498 312 70 349 163 486 458 448 159 84 288 90 152 289 446 322 401 96 348 40 469 268 229 219 371 430 358 60 413 419 404 400 0 230 113 133 1 189 278 173 252 50 370 186 362 6 
204 238 51 76 9 18 285 329 330 316 266 350 103 189 278 19 102 191 390 169 90 82 196 221 38 146 178 65 98 102 40 300 339 231 116 88 389 400 16 318 57 281 268 159 210 286 178 311 76 308 220 306 130 16 126 167 302 304 372 399 5 152 40 84 124 155 312 112 296 327 170 352 348 178 110 158 204 287 208 280 194 28 185 323 184 51 230 0 96 55 148 99 331 49 235 11 556 401 354 1 
256 323 5 331 133 97 124 306 1 81 323 165 224 259 218 39 302 74 231 43 24 81 246 224 83 300 187 218 277 246 263 312 8 267 302 260 24 206 5 143 286 328 87 288 246 305 327 327 158 216 29 181 76 54 183 159 132 30 36 189 275 298 160 61 4 242 320 27 107 325 289 171 312 35 119 337 119 224 323 276 100 131 236 175 304 78 113 96 0 111 97 237 165 179 201 6 421 518 273 6 
148 256 143 220 109 62 217 203 64 28 151 143 132 163 107 103 224 21 3 134 138 228 261 142 230 262 53 58 151 175 65 123 255 32 72 93 93 113 120 157 141 96 125 97 258 56 24 36 77 26 170 39 79 160 181 38 151 58 96 126 57 255 74 42 16 240 229 204 82 79 185 47 174 135 143 161 190 166 197 91 17 190 225 96 175 229 133 55 111 0 227 101 169 145 7 49 235 89 2 2 
281 305 1 279 149 274 262 165 155 286 68 173 194 15 81 84 76 33 255 204 202 60 85 244 150 14 212 4 4 304 60 84 97 170 52 44 133 3 209 86 87 276 58 280 89 139 53 165 171 106 167 62 166 252 105 115 64 5 226 67 107 286 259 204 145 310 247 77 111 254 163 307 18 220 276 215 49 127 178 18 233 35 189 197 286 92 1 148 97 227 0 136 408 130 164 37 760 172 127 2 
362 218 343 143 111 302 29 298 213 241 319 250 42 304 114 12 42 245 188 157 144 203 289 145 158 293 78 242 352 102 218 103 320 190 244 60 251 272 357 224 272 65 103 314 368 216 84 40 90 32 326 364 365 4 269 282 296 346 283 37 77 260 139 26 210 143 215 90 175 332 313 76 27 176 149 154 21 363 324 241 154 39 365 148 43 262 189 99 237 101 136 0 144 421 137 12 402 410 223 3 
45 152 231 239 369 118 430 97 109 73 97 300 121 89 185 173 414 420 456 410 247 163 41 396 205 326 184 126 418 407 262 163 98 33 401 169 150 72 265 420 144 361 421 426 449 146 299 104 266 294 53 214 159 94 149 65 419 34 190 78 440 451 241 77 184 181 246 334 414 211 293 97 111 253 224 261 100 62 364 68 57 118 281 214 211 132 278 331 165 169 408 144 0 334 164 50 402 233 307 5 
84 396 299 374 348 47 161 454 284 230 208 343 355 17 81 262 328 59 123 13 238 67 165 89 439 253 135 23 113 47 46 196 442 27 80 299 245 413 434 38 324 151 62 189 340 315 132 177 373 254 361 293 320 35 380 269 460 25 463 82 243 190 277 367 216 39 347 460 450 291 179 456 123 241 326 145 65 457 3 119 221 363 411 223 79 473 173 49 179 145 130 421 334 0 267 16 378 81 337 4 
69 35 219 232 262 128 41 122 110 42 188 231 67 238 83 110 53 178 231 152 83 127 114 91 176 102 219 70 11 249 37 80 109 256 41 100 113 177 221 222 43 233 8 109 26 185 43 79 188 4 55 269 131 263 90 131 94 133 26 199 207 63 9 45 143 144 144 80 145 189 127 187 247 134 25 97 48 68 270 235 167 55 59 122 47 243 252 235 201 7 164 137 164 267 0 35 671 277 168 4 
13 13 5 26 38 27 44 14 8 44 25 38 21 3 28 30 48 42 41 35 11 21 28 41 38 11 16 32 6 5 2 18 17 24 11 21 1 5 2 8 16 45 14 37 47 41 34 45 33 24 47 44 13 42 2 1 21 35 32 26 7 1 12 23 25 23 12 44 45 31 1 27 25 32 13 22 41 14 34 41 38 49 2 50 41 4 50 11 6 49 37 12 50 16 35 0 710 484 20 4 
763 47 455 630 599 677 134 428 348 158 568 126 128 593 421 828 87 717 447 184 689 517 389 671 786 423 517 571 650 242 560 849 288 143 607 322 255 176 185 603 334 752 163 460 474 583 723 561 429 299 743 247 815 261 353 166 120 306 737 770 547 731 183 270 309 225 592 870 706 212 602 168 93 201 64 2 783 221 562 646 825 740 328 770 437 116 370 556 421 235 760 402 402 378 671 710 0 398 297 3 
25 463 215 272 47 254 272 182 42 270 233 13 379 85 140 300 157 369 294 417 515 225 316 414 109 382 314 132 465 403 243 139 326 457 410 22 361 141 393 402 60 85 414 438 170 203 197 515 31 490 391 195 364 356 67 123 198 380 444 122 242 146 260 218 62 319 239 422 109 281 473 168 365 536 66 184 198 452 158 228 51 198 422 64 14 489 186 401 518 89 172 410 233 81 277 484 398 0 309 9 
305 335 92 184 92 267 69 227 336 177 12 130 312 62 174 81 156 60 116 271 120 232 181 40 287 131 1 190 243 141 296 177 106 148 120 196 44 189 183 139 126 194 269 197 15 72 278 170 131 22 201 11 14 142 50 301 272 180 250 144 321 306 80 186 83 200 141 257 149 323 25 274 277 293 100 51 124 137 351 15 288 181 155 302 322 334 362 354 273 2 127 223 307 337 168 20 297 309 0 4 
1 2 3 2 4 10 3 10 3 3 4 5 8 8 6 10 1 10 10 8 10 6 8 1 6 2 5 4 4 6 9 8 1 2 10 5 1 3 8 7 5 2 1 6 3 7 5 4 10 5 1 9 4 2 3 9 4 8 6 2 7 4 9 8 6 9 6 10 5 3 7 9 8 1 8 1 8 7 4 7 1 8 9 8 4 5 6 1 6 2 2 3 5 4 4 4 3 9 4 0 

